1100 0001 0110 0000000000000100000100000000000000001000000001000100000000000000000000110000000000000000000010110101
1100 0001 0110 0000000000000100111000000000000000001000000001000100000000000000000000110000000000000000000010111010
1100 0001 0110 0000000000000100011000000000000000001000000001000100000000000000000000110000000000000000000010110010
1100 0001 0110 0000000000000100101000000000000000001000000001000100000000000000000000110000000000000000000010111110
1100 0001 0110 0000000000000100001000000000000000001000000001000100000000000000000000110000000000000000000010110110
1100 0001 0110 0000000000000100110000000000000000001000000001000100000000000000000000110000000000000000000010111000
1100 0001 0110 0000000000000100010000000000000000001000000001000100000000000000000000110000000000000000000010110000
1100 0001 0110 0000000000000100100000000000000000001000000001000100000000000000000000110000000000000000000010111100
1100 0001 0110 0000000000000100000000000000000000001000000001000100000000000000000000110000000000000000000010110100
1100 0001 0110 00000000000001000000000000000000000010000000010001000000000000000000
               
               
1100 0001 0110 0000000000000100000000000000000000001000000000100100000000000000000000110000000000000000000011010100
1100 0001 0110 0000000000000100100000000000000000001000000011000100000000000000000000110000000000000000000000111100
1100 0001 0110 0000000000000100010000000000000000001000000011000100000000000000000000110000000000000000000000110000
1100 0001 0110 0000000000000100110000000000000000001000000000100100000000000000000000110000000000000000000011011000
               
               
                      * = on / off bit
1100 0001 0110 0000 0010 000001000000000000000000000010000000101001000000000000000000001100000000000000000000 0111 0100
1100 0001 0110 0000 0010 000001000000000000000000000010000000101001000000000000000000001100000000000000000000 0111 0100
1100 0001 0110 0000 0010 000001000000000000000000000010000000011001000000000000000000001100000000000000000000 1011 0100
1100 0001 0110 0000 0000 000001000000000000000000000010000000011001000000000000000000001100000000000000000000 1001 0100
1100 0001 0110 0000 0000 000001000000000000000000000010000000011001000000000000000000001100000000000000000000 1001 0100
1100 0001 0110 0000 0010 000001000000000000000000000010000000011001000000000000000000001100000000000000000000 1011 0100
               
               
                                   xxxx => Temperatur big endian 18+x
1100 0001 0110 0000 0000 0000 0100 0111 00000000000000001000000000010100000000000000000000110000000000000000000011100011 : 32
1100 0001 0110 0000 0000 0000 0100 1011 00000000000000001000000000010100000000000000000000110000000000000000000011101111 : 31
1100 0001 0110 0000 0000 0000 0100 0011 00000000000000001000000000010100000000000000000000110000000000000000000011100111 : 30
1100 0001 0110 0000 0000 0000 0100 1101 00000000000000001000000010010100000000000000000000110000000000000000000001101001 : 29
1100 0001 0110 0000 0000 0000 0100 0101 00000000000000001000000010010100000000000000000000110000000000000000000001100001 : 28
1100 0001 0110 0000 0000 0000 0100 1001 00000000000000001000000010010100000000000000000000110000000000000000000001101101 : 27
1100 0001 0110 0000 0000 0000 0100 0001 00000000000000001000000010010100000000000000000000110000000000000000000001100101 : 26
1100 0001 0110 0000 0000 0000 0100 1110 00000000000000001000000010010100000000000000000000110000000000000000000001101010 : 25
1100 0001 0110 0000 0000 0000 0100 0110 00000000000000001000000010010100000000000000000000110000000000000000000001100010 : 24
1100 0001 0110 0000 0000 0000 0100 1010 00000000000000001000000010010100000000000000000000110000000000000000000001101110 : 23
1100 0001 0110 0000 0000 0000 0100 0010 00000000000000001000000010010100000000000000000000110000000000000000000001100110 : 22
1100 0001 0110 0000 0000 0000 0100 1100 00000000000000001000000010010100000000000000000000110000000000000000000001101000 : 21
1100 0001 0110 0000 0000 0000 0100 0100 00000000000000001000000010010100000000000000000000110000000000000000000001100000 : 20
1100 0001 0110 0000 0000 0000 0100 1000 00000000000000001000000010010100000000000000000000110000000000000000000001101100 : 19
1100 0001 0110 0000 0000 0000 0100 0000 00000000000000001000000010010100000000000000000000110000000000000000000001100100 : 18
                                        
                                     
                                     
                              xxxx => mode ei, rad, sonne, kühlung          
1100 0001 0110 0000 0000 0000 1100 0001 00000000000000001000000010110100000000000000000000110000000000000000000011000101
1100 0001 0110 0000 1100 0000 0010 0001 00000000000000001000000010110100000000000000000000110000000000000000000011100101
1100 0001 0110 0000 0000 0000 0000 1010 00000000000000001000000010110100000000000000000000110000000000000000000000001110
1100 0001 0110 0000 0000 0000 0100 0001 00000000000000001000000010110100000000000000000000110000000000000000000001000101
1100 0001 0110 0000 0000 0000 1100 0001 00000000000000001000000010110100000000000000000000110000000000000000000011000101
                                     
	 	 		 				  
	 	 		    xxxx => fan speed 3, 2, 1, full 				  
1100 0001 0110 0000 1000 0000 0100 0001 000000000000000010000000100011000000000000000000001100000000000000000000 11111101
1100 0001 0110 0000 0100 0000 0100 0001 000000000000000010000000100011000000000000000000001100000000000000000000 00111101
1100 0001 0110 0000 1100 0000 0100 0001 000000000000000010000000100011000000000000000000001100000000000000000000 10111101
1100 0001 0110 0000 0000 0000 0100 0001 000000000000000010000000100011000000000000000000001100000000000000000000 01111101
								                                                                           
																										   
									  jet off, jet on  XXXX
1100 0001 0110 0000 0000 0000 0100 1110 0000 0000 0000 0000 10000000011011000000000000000000001100000000000000000000 10010010
1100 0001 0110 0000 1000 0000 0100 0000 0000 0000 0000 1001 10000000011011000000000000000000001100000000000000000000 00010101	



                         XXXX => swing
1100 0001 0110 0000 0000 0001 0100 1110000000000000000010000000110111000000000000000000001100000000000000000000 00100011
1100 0001 0110 0000 0000 0001 0100 1110000000000000000010000000110111000000000000000000001100000000000000000000 00100011		


							  XXXX 6th sense
1100 0001 0110 0000 0100 0000 1000 0001 0000 00010000000001000000100000000000000000000000001100000000000000000000 00110000	







0          1          2          3          4          5          6          7          8          9          10         11         12         13
1100 0001  0110 0000  0000 0000  0100 0111  0000 0000  0000 0000  1000 0000  0001 0100  0000 0000  0000 0000  0011 0000  0000 0000  0000 0000  1110 0011					

0000 0000  0100 0111  0000 0000  0000 0000  1000 0000  0001 0100  0000 0000  0000 0000  0011 0000  0000 0000  0000 0000  


1110 0010
0000 0001
0010 1000
0000 1100

 => wird erstellt durch xor der daten bytes

1100 0111 => checksum

																										   